Estados 	TrumpENC	ClintonENC	OtroENC	TrumpRes	ClintonRes	OtroRes	Blancos	Negros	Hispanos	Otros
California	0,33		0,56		0,11	0,316		0,617		0,067	0,634	0,067	0,309		0,102
Texas		0,5		0,38		0,12	0,522		0,432		0,046	0,756	0,134	0,309		0,042
Florida		0,46		0,46		0,8	0,486		0,474		0,04	0,778	0,15	0,208		0,025
New York	0,34		0,51		0,15	0,365		0,59		0,045	0,685	0,156	0,152		0,063
Pennsylvania	0,44		0,48		0,8	0,482		0,475		0,043	0,833	0,106	0,56		0,018
Illinois	0,38		0,49		0,13	0,384		0,552		0,064	0,75	0,147	0,122		0,037
Ohio		0,46		0,43		0,11	0,513		0,432		0,055	0,839	0,119	0,27		0,006
Georgia		0,49		0,44		0,7	0,504		0,453		0,043	0,609	0,329	0,05		0,013
Michigan	0,42		0,47		0,11	0,473		0,47		0,067	0,811	0,135	0,036		0,007
North Carolina	0,46		0,46		0,8	0,498		0,462		0,04	0,716	0,219	0,047		0,014
Virginia	0,44		0,48		0,8	0,444		0,498		0,058	0,706	0,199	0,057		0,013
Indiana		0,5		0,39		0,11	0,565		0,375		0,6	0,862	0,09	0,045		0,013
Tenesse		0,46		0,35		0,19	0,607		0,347		0,046	0,798	0,166	0,25		0,005
Arizona		0,47		0,44		0,9	0,481		0,446		0,073	0,811	0,047	0,24		0,042
Minessota	0,42		0,53		0,5	0,449		0,464		0,087	0,871	0,049	0,033		0,011
Wisconsin	0,4		0,47		0,13	0,472		0,465		0,063	0,887	0,059	0,043		0,012
Missouri	0,51		0,4		0,9	0,579		0,401		0,09	0,846	0,109	0,028		0,008
